0.000000000000000000e+00
4.684912270024369311e-317
3.260833262552227192e-322
6.918794110647084070e-310
6.918786063122447440e-310
6.918786062995966634e-310
6.918786063033910876e-310
6.918786063071855118e-310
6.918786063109799359e-310
6.918786063147743601e-310
6.918786063185687842e-310
6.918786063018100775e-310
6.918786063056045017e-310
6.918786063093989259e-310
6.918786063131933500e-310
6.918786063169877742e-310
6.918786063005452695e-310
6.918786063043396936e-310
6.918786063081341178e-310
6.918786063119285420e-310
6.918786063157229661e-310
6.918786063027586836e-310
6.918786063103475319e-310
6.918786063046558957e-310
6.918786063084503198e-310
6.918786063141419561e-310
6.918786063179363802e-310
6.918786063014938755e-310
6.918786063052882997e-310
6.918786063090827238e-310
6.918786063128771480e-310
6.918786063166715722e-310
6.918786062999128655e-310
6.918786063037072896e-310
6.918786063075017138e-310
6.918786063112961379e-310
6.918786063150905621e-310
6.918786063188849863e-310
6.918786063024424816e-310
6.918786063062369057e-310
6.918786063100313299e-310
6.918786063138257540e-310
6.918786063176201782e-310
6.918786063065531077e-310
6.918786063008614715e-310
6.918786063229956124e-310
6.918786063267900366e-310
6.918786063305844608e-310
6.918786063343788849e-310
6.918786063381733091e-310
6.918786063217308044e-310
6.918786063255252285e-310
6.918786063293196527e-310
6.918786063331140769e-310
6.918786063369085010e-310
6.918786063201497943e-310
6.918786063239442185e-310
6.918786063277386426e-310
6.918786063315330668e-310
6.918786063353274910e-310
6.918786063391219151e-310
6.918786063226794104e-310
6.918786063264738346e-310
6.918786063302682587e-310
6.918786063340626829e-310
6.918786063378571071e-310
