0.000000000000000000e+00
0.000000000000000000e+00
0.000000000000000000e+00
2.172776578014038354e-05
-1.668452960746184347e-05
-3.527697383745930724e-05
0.000000000000000000e+00
0.000000000000000000e+00
0.000000000000000000e+00
0.000000000000000000e+00
0.000000000000000000e+00
0.000000000000000000e+00
0.000000000000000000e+00
0.000000000000000000e+00
0.000000000000000000e+00
6.143024632530187442e-06
-1.922035672787977593e-06
-2.320123085677340546e-05
0.000000000000000000e+00
0.000000000000000000e+00
0.000000000000000000e+00
0.000000000000000000e+00
0.000000000000000000e+00
0.000000000000000000e+00
0.000000000000000000e+00
0.000000000000000000e+00
7.261732176311438882e-05
-1.179967975087234006e-05
-6.770670898721167753e-05
0.000000000000000000e+00
0.000000000000000000e+00
0.000000000000000000e+00
3.691101309717559911e-05
-2.058426899869254768e-06
-4.933317214501757743e-05
0.000000000000000000e+00
0.000000000000000000e+00
0.000000000000000000e+00
7.689296976969951246e-06
1.691225789411582052e-06
-2.597209538313062158e-05
0.000000000000000000e+00
0.000000000000000000e+00
0.000000000000000000e+00
0.000000000000000000e+00
0.000000000000000000e+00
0.000000000000000000e+00
0.000000000000000000e+00
0.000000000000000000e+00
0.000000000000000000e+00
1.502572937027794582e-04
-1.023592191094840561e-05
-8.475166915957380975e-05
0.000000000000000000e+00
0.000000000000000000e+00
0.000000000000000000e+00
1.030049817474560948e-04
5.795702337281395308e-07
-8.100275296885391530e-05
0.000000000000000000e+00
0.000000000000000000e+00
0.000000000000000000e+00
7.159960232658677687e-05
1.010104575340853224e-05
-6.646976789077016588e-05
0.000000000000000000e+00
0.000000000000000000e+00
0.000000000000000000e+00
2.120898879462095767e-05
1.456555273848922104e-05
-3.471091996216749164e-05
0.000000000000000000e+00
0.000000000000000000e+00
0.000000000000000000e+00
2.431590548560781564e-04
-4.330424818525455302e-06
-9.696304408976180278e-05
0.000000000000000000e+00
0.000000000000000000e+00
0.000000000000000000e+00
0.000000000000000000e+00
1.491477199905594958e-04
8.989144277528678619e-06
-8.559443974978513689e-05
0.000000000000000000e+00
0.000000000000000000e+00
1.913270433065537162e-04
-1.122467570820365959e-06
-9.760117559105173845e-05
0.000000000000000000e+00
0.000000000000000000e+00
0.000000000000000000e+00
3.435324037807533704e-04
-7.224737266854757592e-07
-9.988390720229563203e-05
0.000000000000000000e+00
0.000000000000000000e+00
0.000000000000000000e+00
2.914760978109697041e-04
-2.552114695025069567e-07
-1.048183180624020708e-04
0.000000000000000000e+00
0.000000000000000000e+00
0.000000000000000000e+00
2.422684516867683292e-04
4.033557758494464895e-06
-9.680723887822900232e-05
0.000000000000000000e+00
0.000000000000000000e+00
0.000000000000000000e+00
4.431221839865945181e-04
3.339764133392898774e-06
-9.625493342356809779e-05
0.000000000000000000e+00
0.000000000000000000e+00
0.000000000000000000e+00
0.000000000000000000e+00
3.426813309822829843e-04
-6.970932668684663676e-07
-1.000421354745663544e-04
0.000000000000000000e+00
0.000000000000000000e+00
3.943526497556522716e-04
-3.098748423062101889e-07
-1.029995350803753336e-04
0.000000000000000000e+00
0.000000000000000000e+00
0.000000000000000000e+00
5.359863726049020251e-04
5.515944350416499800e-06
-8.738480555007101334e-05
0.000000000000000000e+00
0.000000000000000000e+00
0.000000000000000000e+00
4.927435700608348221e-04
-6.194031089459457482e-07
-9.522863601586927418e-05
0.000000000000000000e+00
0.000000000000000000e+00
0.000000000000000000e+00
4.423886325314840525e-04
-3.767320837951857940e-06
-9.641104407092688936e-05
0.000000000000000000e+00
0.000000000000000000e+00
0.000000000000000000e+00
6.175993649572231138e-04
7.089170496302169207e-06
-7.445411450399285120e-05
0.000000000000000000e+00
0.000000000000000000e+00
0.000000000000000000e+00
0.000000000000000000e+00
5.352909554505960342e-04
-6.296839292275552757e-06
-8.725159875310094172e-05
0.000000000000000000e+00
0.000000000000000000e+00
5.814379773639891894e-04
7.994563420247749778e-08
-8.314632232772922488e-05
0.000000000000000000e+00
0.000000000000000000e+00
0.000000000000000000e+00
6.854104300895299748e-04
7.970280813840410330e-06
-6.043392392396673446e-05
0.000000000000000000e+00
0.000000000000000000e+00
0.000000000000000000e+00
6.569337372035846971e-04
-7.043201388383939200e-07
-6.864600666222100652e-05
0.000000000000000000e+00
0.000000000000000000e+00
0.000000000000000000e+00
6.170855110112779618e-04
-7.779353821334306638e-06
-7.511434169873113127e-05
0.000000000000000000e+00
0.000000000000000000e+00
0.000000000000000000e+00
7.173693477281534907e-04
1.324011159170702263e-07
-5.293915514509261018e-05
0.000000000000000000e+00
0.000000000000000000e+00
0.000000000000000000e+00
6.849710672272212248e-04
-8.464017427572598072e-06
-5.993018088959672170e-05
0.000000000000000000e+00
0.000000000000000000e+00
0.000000000000000000e+00
7.380181290959212433e-04
8.199936441349516702e-06
-4.457349635107308477e-05
0.000000000000000000e+00
0.000000000000000000e+00
0.000000000000000000e+00
7.375907409701425469e-04
-8.607489427331698145e-06
-4.494669734466643366e-05
0.000000000000000000e+00
0.000000000000000000e+00
0.000000000000000000e+00
7.623411650335154294e-04
-3.179858037741001542e-07
-3.693497370020118589e-05
0.000000000000000000e+00
0.000000000000000000e+00
0.000000000000000000e+00
7.749934938303491968e-04
8.187606061487281151e-06
-2.940060817169280210e-05
0.000000000000000000e+00
0.000000000000000000e+00
0.000000000000000000e+00
7.747218661607132737e-04
-8.233385705527886120e-06
-2.948882323278840560e-05
0.000000000000000000e+00
0.000000000000000000e+00
0.000000000000000000e+00
0.000000000000000000e+00
7.968642966667700269e-04
7.590192267011562620e-06
-1.478853235395025566e-05
0.000000000000000000e+00
0.000000000000000000e+00
7.916376401228928262e-04
-1.135519898543764414e-07
-2.142065922604962497e-05
0.000000000000000000e+00
0.000000000000000000e+00
0.000000000000000000e+00
7.966736440336864280e-04
-7.831864956565691660e-06
-1.483255945504852913e-05
0.000000000000000000e+00
0.000000000000000000e+00
0.000000000000000000e+00
8.060116963626004277e-04
3.252161798244751424e-08
-7.016539645906360192e-06
0.000000000000000000e+00
0.000000000000000000e+00
0.000000000000000000e+00
8.045604002933899688e-04
6.994421453187665341e-06
-1.235787206320494245e-06
0.000000000000000000e+00
0.000000000000000000e+00
0.000000000000000000e+00
8.044656619590381244e-04
-6.954932250378397561e-06
-1.413185463552136068e-06
0.000000000000000000e+00
0.000000000000000000e+00
0.000000000000000000e+00
0.000000000000000000e+00
7.994482267945900731e-04
6.118131381403915429e-06
1.070174343223506558e-05
0.000000000000000000e+00
0.000000000000000000e+00
8.067508974862092237e-04
-8.503372642979964919e-08
5.940363324273734219e-06
0.000000000000000000e+00
0.000000000000000000e+00
0.000000000000000000e+00
7.994378522016731175e-04
-6.043757176004164155e-06
1.067352752668538737e-05
0.000000000000000000e+00
0.000000000000000000e+00
0.000000000000000000e+00
7.953968275240297413e-04
8.161495448654976561e-08
1.722858291343135561e-05
0.000000000000000000e+00
0.000000000000000000e+00
0.000000000000000000e+00
7.831465125766628359e-04
5.184405662214734996e-06
2.104601265306507650e-05
0.000000000000000000e+00
0.000000000000000000e+00
0.000000000000000000e+00
7.832228510824299850e-04
-5.011934630340168300e-06
2.087374192842562240e-05
0.000000000000000000e+00
0.000000000000000000e+00
0.000000000000000000e+00
0.000000000000000000e+00
7.575041203767719084e-04
4.123337182005111385e-06
2.932867230438231213e-05
0.000000000000000000e+00
0.000000000000000000e+00
7.737173590010651414e-04
1.142190578288161242e-08
2.662494984001362642e-05
0.000000000000000000e+00
0.000000000000000000e+00
0.000000000000000000e+00
7.576781075384193776e-04
-3.929696852347522219e-06
2.927895305335343319e-05
0.000000000000000000e+00
0.000000000000000000e+00
0.000000000000000000e+00
7.436327315079765184e-04
2.280043779088610840e-07
3.409344951208382620e-05
0.000000000000000000e+00
0.000000000000000000e+00
0.000000000000000000e+00
7.244257343111465061e-04
3.090752576415002561e-06
3.591425008165136649e-05
0.000000000000000000e+00
0.000000000000000000e+00
0.000000000000000000e+00
7.247233937008723927e-04
-2.844444776253025721e-06
3.561847992165781754e-05
0.000000000000000000e+00
0.000000000000000000e+00
0.000000000000000000e+00
0.000000000000000000e+00
6.859103742480827980e-04
2.118318506679239650e-06
4.021546248551827993e-05
0.000000000000000000e+00
0.000000000000000000e+00
7.071095372570416256e-04
9.078788130656038163e-09
3.948128073692951584e-05
0.000000000000000000e+00
0.000000000000000000e+00
0.000000000000000000e+00
6.862490140850691523e-04
-1.680958258239478944e-06
4.051198602161596514e-05
0.000000000000000000e+00
0.000000000000000000e+00
0.000000000000000000e+00
6.660936594430653468e-04
3.732837225119149695e-07
4.288830323093762641e-05
0.000000000000000000e+00
0.000000000000000000e+00
0.000000000000000000e+00
6.438955442829189879e-04
1.332481153129954843e-06
4.298458658774265373e-05
0.000000000000000000e+00
0.000000000000000000e+00
0.000000000000000000e+00
6.441843107706014294e-04
-9.259053345183459138e-07
4.284800273198710195e-05
0.000000000000000000e+00
0.000000000000000000e+00
0.000000000000000000e+00
6.296060621768137218e-04
-1.807552050873372583e-07
4.357628923490677457e-05
0.000000000000000000e+00
0.000000000000000000e+00
0.000000000000000000e+00
6.261028298180294121e-04
4.087479005448252596e-07
4.363877166779855335e-05
0.000000000000000000e+00
0.000000000000000000e+00
0.000000000000000000e+00
6.005232592887898169e-04
4.625626992320747762e-07
4.365267923062761575e-05
0.000000000000000000e+00
0.000000000000000000e+00
0.000000000000000000e+00
0.000000000000000000e+00
6.008648397154046309e-04
1.807968785316380407e-07
4.386922726265299468e-05
0.000000000000000000e+00
0.000000000000000000e+00
6.008480874026468242e-04
-3.629321739552177580e-08
4.363810241169663399e-05
0.000000000000000000e+00
