3.260833262552227192e-322
6.918786063122447440e-310
6.918786063147743601e-310
6.918786063018100775e-310
6.918786063093989259e-310
6.918786063169877742e-310
6.918786063043396936e-310
6.918786063119285420e-310
6.918786063027586836e-310
6.918786063046558957e-310
6.918786063141419561e-310
6.918786063014938755e-310
6.918786063090827238e-310
6.918786063166715722e-310
6.918786063037072896e-310
6.918786063112961379e-310
6.918786063188849863e-310
6.918786063062369057e-310
6.918786063138257540e-310
6.918786063065531077e-310
6.918786063160391681e-310
6.918786056564417683e-310
6.918786084260552031e-310
6.918786106002602469e-310
6.918786105945686106e-310
6.918786083353052253e-310
6.918786028944171818e-310
6.918786028975792019e-310
6.918786028884093436e-310
6.918786028824015053e-310
6.918786028918875657e-310
6.918786028947333838e-310
6.918786028959981919e-310
6.918786028865121315e-310
6.918786028805042932e-310
6.918786028899903536e-310
6.918786028795556872e-310
6.918786083732494669e-310
6.918786083738818709e-310
6.918786104721984315e-310
6.918786106401017005e-310
6.918786106334614583e-310
6.918786106663464677e-310
6.918786062736680984e-310
6.918786062632334319e-310
6.918786062733518963e-310
6.918786062629172299e-310
6.918786062727194923e-310
6.918786062622848259e-310
6.918786062724032903e-310
6.918786062619686239e-310
6.918786062717708863e-310
6.918786062613362198e-310
6.918786062714546843e-310
6.918786062610200178e-310
6.918786062708222802e-310
6.918786062603876138e-310
6.918786062705060782e-310
6.918786062600714118e-310
6.918786062698736742e-310
6.918786062594390078e-310
6.918786062695574722e-310
6.918786062591228057e-310
6.918786062689250682e-310
6.918786062939050272e-310
6.918786062834703608e-310
