0.000000000000000000e+00
0.000000000000000000e+00
0.000000000000000000e+00
-1.668452960746184347e-05
-3.527697383745930724e-05
0.000000000000000000e+00
-1.922035672787977593e-06
-2.320123085677340546e-05
0.000000000000000000e+00
0.000000000000000000e+00
0.000000000000000000e+00
0.000000000000000000e+00
-1.179967975087234006e-05
-6.770670898721167753e-05
0.000000000000000000e+00
-2.058426899869254768e-06
-4.933317214501757743e-05
0.000000000000000000e+00
1.691225789411582052e-06
-2.597209538313062158e-05
0.000000000000000000e+00
0.000000000000000000e+00
0.000000000000000000e+00
0.000000000000000000e+00
-1.023592191094840561e-05
-8.475166915957380975e-05
0.000000000000000000e+00
5.795702337281395308e-07
-8.100275296885391530e-05
0.000000000000000000e+00
1.010104575340853224e-05
-6.646976789077016588e-05
0.000000000000000000e+00
1.456555273848922104e-05
-3.471091996216749164e-05
0.000000000000000000e+00
-4.330424818525455302e-06
-9.696304408976180278e-05
0.000000000000000000e+00
-1.122467570820365959e-06
-9.760117559105173845e-05
0.000000000000000000e+00
8.989144277528678619e-06
-8.559443974978513689e-05
0.000000000000000000e+00
-7.224737266854757592e-07
-9.988390720229563203e-05
0.000000000000000000e+00
-2.552114695025069567e-07
-1.048183180624020708e-04
0.000000000000000000e+00
4.033557758494464895e-06
-9.680723887822900232e-05
0.000000000000000000e+00
3.339764133392898774e-06
-9.625493342356809779e-05
0.000000000000000000e+00
-3.098748423062101889e-07
-1.029995350803753336e-04
0.000000000000000000e+00
-6.970932668684663676e-07
-1.000421354745663544e-04
0.000000000000000000e+00
5.515944350416499800e-06
-8.738480555007101334e-05
0.000000000000000000e+00
-6.194031089459457482e-07
-9.522863601586927418e-05
0.000000000000000000e+00
-3.767320837951857940e-06
-9.641104407092688936e-05
0.000000000000000000e+00
7.089170496302169207e-06
-7.445411450399285120e-05
0.000000000000000000e+00
7.994563420247749778e-08
-8.314632232772922488e-05
0.000000000000000000e+00
-6.296839292275552757e-06
-8.725159875310094172e-05
0.000000000000000000e+00
7.970280813840410330e-06
-6.043392392396673446e-05
0.000000000000000000e+00
-7.043201388383939200e-07
-6.864600666222100652e-05
0.000000000000000000e+00
-7.779353821334306638e-06
-7.511434169873113127e-05
0.000000000000000000e+00
1.324011159170702263e-07
-5.293915514509261018e-05
0.000000000000000000e+00
-8.464017427572598072e-06
-5.993018088959672170e-05
0.000000000000000000e+00
8.199936441349516702e-06
-4.457349635107308477e-05
0.000000000000000000e+00
-8.607489427331698145e-06
-4.494669734466643366e-05
0.000000000000000000e+00
-3.179858037741001542e-07
-3.693497370020118589e-05
0.000000000000000000e+00
8.187606061487281151e-06
-2.940060817169280210e-05
0.000000000000000000e+00
-8.233385705527886120e-06
-2.948882323278840560e-05
0.000000000000000000e+00
-1.135519898543764414e-07
-2.142065922604962497e-05
0.000000000000000000e+00
7.590192267011562620e-06
-1.478853235395025566e-05
0.000000000000000000e+00
-7.831864956565691660e-06
-1.483255945504852913e-05
0.000000000000000000e+00
3.252161798244751424e-08
-7.016539645906360192e-06
0.000000000000000000e+00
6.994421453187665341e-06
-1.235787206320494245e-06
0.000000000000000000e+00
-6.954932250378397561e-06
-1.413185463552136068e-06
0.000000000000000000e+00
-8.503372642979964919e-08
5.940363324273734219e-06
0.000000000000000000e+00
6.118131381403915429e-06
1.070174343223506558e-05
0.000000000000000000e+00
-6.043757176004164155e-06
1.067352752668538737e-05
0.000000000000000000e+00
8.161495448654976561e-08
1.722858291343135561e-05
0.000000000000000000e+00
5.184405662214734996e-06
2.104601265306507650e-05
0.000000000000000000e+00
-5.011934630340168300e-06
2.087374192842562240e-05
0.000000000000000000e+00
1.142190578288161242e-08
2.662494984001362642e-05
0.000000000000000000e+00
4.123337182005111385e-06
2.932867230438231213e-05
0.000000000000000000e+00
-3.929696852347522219e-06
2.927895305335343319e-05
0.000000000000000000e+00
2.280043779088610840e-07
3.409344951208382620e-05
0.000000000000000000e+00
3.090752576415002561e-06
3.591425008165136649e-05
0.000000000000000000e+00
-2.844444776253025721e-06
3.561847992165781754e-05
0.000000000000000000e+00
9.078788130656038163e-09
3.948128073692951584e-05
0.000000000000000000e+00
2.118318506679239650e-06
4.021546248551827993e-05
0.000000000000000000e+00
-1.680958258239478944e-06
4.051198602161596514e-05
0.000000000000000000e+00
3.732837225119149695e-07
4.288830323093762641e-05
0.000000000000000000e+00
1.332481153129954843e-06
4.298458658774265373e-05
0.000000000000000000e+00
-9.259053345183459138e-07
4.284800273198710195e-05
0.000000000000000000e+00
-1.807552050873372583e-07
4.357628923490677457e-05
0.000000000000000000e+00
4.087479005448252596e-07
4.363877166779855335e-05
0.000000000000000000e+00
4.625626992320747762e-07
4.365267923062761575e-05
0.000000000000000000e+00
-3.629321739552177580e-08
4.363810241169663399e-05
0.000000000000000000e+00
1.807968785316380407e-07
4.386922726265299468e-05
0.000000000000000000e+00
