0.000000000000000000e+00
4.684912270024369311e-317
3.260833262552227192e-322
6.906912561671496956e-310
6.906904514260693051e-310
6.906904514412470017e-310
6.906904514285989212e-310
6.906904514361877695e-310
6.906904514232234870e-310
6.906904514308123353e-310
6.906904514384011836e-310
6.906904514257531031e-310
6.906904514333419514e-310
6.906904514409307997e-310
6.906904514279665172e-310
6.906904514355553655e-310
6.906904514229072849e-310
6.906904514304961333e-310
6.906904514380849816e-310
6.906904514251206990e-310
6.906904514327095474e-310
6.906904514402983957e-310
6.906904514276503151e-310
6.906904514352391635e-310
6.906904514222748809e-310
6.906904514298637292e-310
6.906904514374525776e-310
6.906904514248044970e-310
6.906904514323933453e-310
6.906904514399821937e-310
6.906904514270179111e-310
6.906904514346067594e-310
6.906904514219586789e-310
6.906904514295475272e-310
6.906904514371363755e-310
6.906904514241720930e-310
6.906904514317609413e-310
6.906904514393497896e-310
6.906904514267017091e-310
6.906904514342905574e-310
6.906904514497844561e-310
6.906904514535788802e-310
6.906904514573733044e-310
6.906904514611677286e-310
6.906904514444090219e-310
6.906904514482034460e-310
6.906904514519978702e-310
6.906904514557922943e-310
6.906904514595867185e-310
6.906904514431442138e-310
6.906904514469386380e-310
6.906904514507330621e-310
6.906904514545274863e-310
6.906904514583219104e-310
6.906904514453576279e-310
6.906904514529464762e-310
6.906904514605353245e-310
6.906904514478872440e-310
6.906904514472548400e-310
6.906904514548436883e-310
6.906904514421956078e-310
6.906904514459900319e-310
6.906904514516816682e-310
6.906904514554760923e-310
6.906904514592705165e-310
6.906904514425118098e-310
