3.260833262552227192e-322
6.906904483683958361e-310
6.906904483813601186e-310
6.906904483845221388e-310
6.906904483668148260e-310
6.906904483706092502e-310
6.906904483759846844e-310
6.906904483810439166e-310
6.906904483848383408e-310
6.906904483664986240e-310
6.906904483699768462e-310
6.906904483756684824e-310
6.906904483785143005e-310
6.906904483819925227e-310
6.906904483854707448e-310
6.906904483677634321e-310
6.906904483725064623e-310
6.906904483775656945e-310
6.906904483816763207e-310
6.906904480215222275e-310
6.906904480088741469e-310
6.906904480183602073e-310
6.906904480104551570e-310
6.906904480060283288e-310
6.906904480205736214e-310
6.906904480069769349e-310
6.906904480164629953e-310
6.906904480085579449e-310
6.906904480189926114e-310
6.906904512638576722e-310
6.906904512736599346e-310
6.906904512635414702e-310
6.906904512752409447e-310
6.906904512686007024e-310
6.906904512651224803e-310
6.906904512755571467e-310
6.906904512657548843e-310
6.906904512771381568e-310
6.906904512742923387e-310
6.906904507784875818e-310
6.906904507908194603e-310
6.906904514036189621e-310
6.906904514134212245e-310
6.906904514029865581e-310
6.906904514131050225e-310
6.906904514026703561e-310
6.906904514124726185e-310
6.906904514020379521e-310
6.906904514121564165e-310
6.906904514017217501e-310
6.906904514115240125e-310
6.906904514162670427e-310
6.906904514058323762e-310
6.906904514159508407e-310
6.906904514055161742e-310
6.906904514153184366e-310
6.906904514048837702e-310
6.906904514150022346e-310
6.906904514045675682e-310
6.906904514143698306e-310
6.906904514039351641e-310
6.906904514140536286e-310
6.906904514412470017e-310
6.906904514361877695e-310
6.906904514308123353e-310
6.906904514257531031e-310
