0.000000000000000000e+00
2.172776578014038354e-05
6.143024632530187442e-06
0.000000000000000000e+00
7.261732176311438882e-05
3.691101309717559911e-05
7.689296976969951246e-06
0.000000000000000000e+00
1.502572937027794582e-04
1.030049817474560948e-04
7.159960232658677687e-05
2.120898879462095767e-05
2.431590548560781564e-04
1.913270433065537162e-04
1.491477199905594958e-04
3.435324037807533704e-04
2.914760978109697041e-04
2.422684516867683292e-04
4.431221839865945181e-04
3.943526497556522716e-04
3.426813309822829843e-04
5.359863726049020251e-04
4.927435700608348221e-04
4.423886325314840525e-04
6.175993649572231138e-04
5.814379773639891894e-04
5.352909554505960342e-04
6.854104300895299748e-04
6.569337372035846971e-04
6.170855110112779618e-04
7.173693477281534907e-04
6.849710672272212248e-04
7.380181290959212433e-04
7.375907409701425469e-04
7.623411650335154294e-04
7.749934938303491968e-04
7.747218661607132737e-04
7.916376401228928262e-04
7.968642966667700269e-04
7.966736440336864280e-04
8.060116963626004277e-04
8.045604002933899688e-04
8.044656619590381244e-04
8.067508974862092237e-04
7.994482267945900731e-04
7.994378522016731175e-04
7.953968275240297413e-04
7.831465125766628359e-04
7.832228510824299850e-04
7.737173590010651414e-04
7.575041203767719084e-04
7.576781075384193776e-04
7.436327315079765184e-04
7.244257343111465061e-04
7.247233937008723927e-04
7.071095372570416256e-04
6.859103742480827980e-04
6.862490140850691523e-04
6.660936594430653468e-04
6.438955442829189879e-04
6.441843107706014294e-04
6.296060621768137218e-04
6.261028298180294121e-04
6.005232592887898169e-04
6.008480874026468242e-04
6.008648397154046309e-04
